$ANSIBLE_VAULT;1.1;AES256
66626538306233373765633866366239633830303162323237373233366565626139396365396632
6563323965323733656264336537666431656165346638640a356664313262323461373731646337
32663030393361643831303531633139386262396166333662346132613537373166363863346237
6433653334313831370a643530393235363066363735653736666630393236326664646537616462
66363135326138613035323262353161303133393065393163666263383733303031333232306362
36643464343832636237613666306566336465383862323930643134623132643764323234373266
32346239336463313961386136336438623439363230646436333435343761633330626132303433
34663365636164333439323537616637356134373233636238326565643466373161643930623161
64323538313564373866646136656165613635353465383662363263646363343964386561396332
35306263383665343666633333633265663762353936323835393164313164643630643964393662
32643565626166343434363732623962396361333031303338313736613062333861643337626139
65346639323966306634666664376135366338303962303839326363313234373862666234303865
35373037636265623536643032333736653739303562333066626265376266326664393465613733
36343666646162326165356364363565626230316266653864316238313937306366386134366630
32626563393534326339326461633565333036363433306131313133303739386264303639656135
30373236633634346237373331376637303334646233663738366531633332633836653031626630
64383362663462623833653433393436353835313038623134373137333665383561303464383537
62303234653936313265313131356136316430666434323135303563633732393536316366646130
36356532343235626339656365353264646431396533666162326237383164383262343237366564
39313464306539306530623137313433616132613335376163383766383130316639653931656437
30613866363431306235633136356464363361623537633466316434323766666263366666336264
62353235303034353662633233616334666632336232373737346137633736623836623865323838
31313161313939653834656338623039346639383933313836343363366431393633653832616231
62636236313862373162323234656161383263393236393461353332393564633633376433383266
63623836653162336331363638653062666639393230313331623437336335636534376561333535
32376234306564613865383261396361643539343338376139363438343734346536626265353766
36333637356663383737353039323461646564613461666465383536326165303361356535333162
39303337643232393237653138646532363035663237366338306462356437616665356232623538
31393465343662633535663037313464356138323366616632313439346566663435376265343833
37363639626461303065656331323731356139396633393736633830663266666166616139323635
64656235323037303233306539366264656364663439333930353964393830326261353737613831
61396166333162643134393532373530333730353235333661373839653439326138623138613866
32396364323131373638613330343638313736363264303232353065346137316336333138363966
32643262386234313464303863333261383130623435306138356564613363626637623734663537
32636563353834666436616230313235376164653662343138373933383465653330396561326465
36613564666139653235356335346235346432323538633335343131313465396461333965396231
64313866636663326561626361663565343235646461656564316239636331373865366361303461
34336331343138666435346239306165336263366664646164383264303366343131373631613032
30356233616265613530663336333436356637386237326436363832313030336438613934643030
34363932316533326138363662353961323238306637393434626665383862363462373434653137
63653463643266376335326331303331646631333234316365306264626337646533366630373431
35643266633337633464316161346664336564663230313837313032343930353366373534306463
35386461306436333638633261626261366531313364363264393666326635613266646530316138
38323635356162373263383439316237656439633765613332333562343434313530663135376636
38373336306465363330336532333336393535306131376235643066383837613132343733656236
63613731326130656432333439366535386439343137343731633865633438386161666337393136
36343237333831373034356635646162353833636630633266376436386230363164646265323137
32346330393730663864663466393762343032376162663864613464613862613161303637303035
61323566376132636366613866393733303863303139346139633031653439326165663332646238
35663536353266363165383135366130383831336530346162366437643337323330643939643630
64393937373861643761313365323164396461376637626261616637353237656437343835346137
62613962356437303136386564353736313834303431323762653136386138346436303437653366
64363639373362346666343863656331633533336331316438343762383637366561386532376139
66613036323763343465343861303261373531316231646138633664633963303562626363663230
38633466636633653464353534653765356266663161656166306437383065376437343130323437
30306264633631323538626263653731646332306630336431333132333964336630303036313537
34623263663237386435653539356533363030326366383962383765303836613662613361313461
32626261316239326264633666613464383762356132323834373035643736623538633839393136
33323865303865396134313064313763343266343931623766383137376134316639323164663637
66363637383932353665396130326135336434336365656130346561636532643530386563626432
34373031623938346235353764333662363230623266373333343766353763333763616134663764
66653137363036333334346665313130313936323035613839643734633466353339626237653861
383938663266613838623334366630663730
